17.39246 1.961324 .11806 7556 277817 1724829 37174620 1 1986 879940
18.41183 1.953432 .12079 7742 296770 1699272 41904992 1 1987 927519.4
19.09858 1.862379 .12823 6808 310944 1698206 42954780 1 1988 926879.6
19.97169 1.981526 .12549 6905 299077 1671401 43496820 1 1989 940277.6
20.63637 2.223005 .13358 6493 264428 1668904 41932700 1 1990 944748.8
21.61656 2.112935 .14018 6881 285432 1674055 42307128 1 1991 986511.8
22.39848 2.044106 .13067 7007 277790 1644609 40373472 1 1992 939679.6
23.37447 2.016324 .11728 7261 270125 1646493 38247540 1 1993 907482.3
24.31836 1.88941 .13386 7429 289636 1679632 38958792 1 1994 952737.7
25.62834 1.727348 .13984 7409 294400 2078659 39173944 1 1995 989091.3
30.73331 1.927946 .13773 5802 265818 2095521 40019848 1 1996 979413.4
27.19612 1.868577 .13724 6136 286718 2066139 41462540 1 1997 986186.8
30.43659 1.614481 .12634 5006 337764 2039841 42559648 1 1998 955392.8
17.46293 2.109548 .13171 15840 779352 4387571 95337568 2 1986 2.49858D+06
18.08016 2.133369 .13978 16146 702096 4295194 88549240 2 1987 2.390134D+06
18.63107 2.044919 .15038 17422 755533 4173617 96136656 2 1988 2497223
19.55767 2.145883 .14258 17637 765781 4098247 102206480 2 1989 2.572543D+06
20.11524 2.368086 .14525 20716 659041 4072132 99054064 2 1990 2568850
21.03192 2.293072 .13967 20159 613573 4020246 90590848 2 1991 2.392457D+06
22.27651 2.1334 .13265 18967 694506 4644722 98428408 2 1992 2520300
23.17169 2.029919 .11921 19020 721597 4576001 97002376 2 1993 2451014
22.4934 2.001304 .13449 19340 767723 4517562 101242608 2 1994 2.579036D+06
26.61879 1.942616 .13462 18928 724547 4408427 100699096 2 1995 2.504819D+06
27.26183 2.128549 .13032 19665 689433 4317891 111216240 2 1996 2.566304D+06
26.9768 2.045168 .14 19589 733101 4248532 116663136 2 1997 2.622558D+06
28.369 1.91002 .132 19836 848745 4205828 117232592 2 1998 2739017
16.30812 2.136357 .12926 6361 491912 3235404 47160688 3 1986 1572844
16.95602 2.272841 .1334 6116 397042 3669386 47180820 3 1987 1.495612D+06
18.00122 2.270321 .14088 5946 427526 3583805 48031568 3 1988 1582543
19.05546 2.319009 .13283 6330 423707 3483046 47601832 3 1989 1.565854D+06
20.02445 2.464694 .13787 6424 390783 3390763 47899260 3 1990 1.559282D+06
21.07266 2.499233 .13323 6118 391393 3300018 49418940 3 1991 1546766
22.13433 2.411421 .1291 5683 406738 3218324 47854448 3 1992 1.522091D+06
22.40981 2.14292 .11474 5794 532044 3148625 53180984 3 1993 1.631243D+06
24.07011 2.188306 .13266 5421 484403 3064436 54194800 3 1994 1.597034D+06
21.2409 2.094662 .13299 5774 461987 2989281 56006512 3 1995 1.487896D+06
24.06464 2.100624 .12677 5189 522008 2954736 56756280 3 1996 1.595986D+06
24.8768 2.063757 .13873 4887 563651 2882510 57497536 3 1997 1.684702D+06
26.269 1.812831 .13117 5584 623329 2821538 60677800 3 1998 1.646777D+06
17.75168 2.112398 .12718 4080 145496 1022291 17472940 4 1986 509787.3
17.64673 2.06107 .13177 4775 147976 1007952 18525740 4 1987 522069.8
18.87511 1.898781 .1335 4602 158366 1003405 19542630 4 1988 521520.2
19.03194 2.047087 .13081 4531 150056 1004536 20041930 4 1989 524814.8
18.62509 2.203031 .13867 4935 149636 994063 21361100 4 1990 559414.3
19.98349 2.106448 .12701 4975 155183 976855 21423320 4 1991 550373.1
22.48323 2.007128 .11872 4097 156124 2077474 21026640 4 1992 652112.3
22.59483 2.010368 .11197 4070 165257 2037322 22286880 4 1993 652307.3
24.94509 1.86131 .13181 3902 170663 2006122 22293040 4 1994 679419.4
24.76947 1.856476 .13588 3903 176821 1972447 23665708 4 1995 692955.3
37.80048 1.919274 .13641 2498 167678 1920424 25736588 4 1996 678210.8
39.5768 1.752856 .13847 2386 183598 1874724 25736588 4 1997 675844.1
44.469 1.575518 .11534 2276 204342 1830178 25786862 4 1998 634248.6
19.55094 2.027529 .12407 484 31547 77217 881460 5 1986 83005.42
21.28462 2.062121 .12835 495 37247 76266 3065320 5 1987 97132.45
21.86007 1.940876 .13681 662 28932 74782 1171770 5 1988 80855.7
23.21951 2.020078 .1285 606 34262 74307 3073830 5 1989 92831.4
25.10193 2.221193 .14597 644 25268 74763 2316240 5 1990 83203.91
25.56425 2.04633 .13057 539 26924 73034 2689450 5 1991 78410.58
27.69991 2.013028 .12452 465 26379 73476 2541380 5 1992 75131.37
26.84878 1.995941 .11427 540 18177 72766 1598907 5 1993 59093.53
32.15046 1.942966 .13044 411 19074 72486 1713360 5 1994 59729.04
34.13395 1.966284 .13195 386 20040 72666 1518923 5 1995 62168.31
33.53501 2.138192 .13057 345 14401 76734 1180496 5 1996 52380.84
38.8768 2.302818 .14192 374 21455 82090 1962198 5 1997 75597.1
40.269 1.857968 .11317 292 25630 81473 2289372 5 1998 68598.57
15.17351 1.700879 .13139 7061 410611 2688161 35133480 6 1986 1.158737D+06
17.38397 1.854817 .14146 5219 299576 2611703 31157420 6 1987 1015837
19.1492 2.093268 .15259 3690 266895 2539487 30571850 6 1988 1.016844D+06
19.57368 1.985089 .15251 4637 276624 2469986 29504630 6 1989 1.016584D+06
22.52571 1.898663 .16227 3389 290224 2398897 30438860 6 1990 1.016646D+06
21.14645 1.802575 .1422 4169 267420 2343226 27676010 6 1991 903410.9
20.69678 1.806071 .12967 4997 302204 2285032 27142240 6 1992 945523.8
20.52156 1.795543 .12151 5943 372716 2247284 28267840 6 1993 1.064255D+06
20.17084 1.683032 .13803 6364 400707 2178121 30552730 6 1994 1103416
25.13284 2.144135 .13645 4518 318956 2135632 34496408 6 1995 1088842
25.57363 1.7605 .13366 3382 481218 2102521 31642360 6 1996 1.214697D+06
22.7768 1.995314 .13554 4499 415463 2047303 31390122 6 1997 1.208943D+06
21.369 1.666947 .12097 4410 489459 1990954 35509092 6 1998 1.150985D+06
16.52959 1.649653 .12464 8366 178207 1396336 17685590 7 1986 606305.5
17.50611 1.763536 .12342 7746 177697 1388983 19654520 7 1987 620405.7
18.22351 1.626031 .13287 7537 193092 1403059 19704030 7 1988 637748.6
18.94704 1.740001 .13553 6925 190033 1396379 19397950 7 1989 651117.2
19.5354 1.953765 .13635 6232 164224 1397446 19338940 7 1990 633141.6
18.9295 1.916117 .13429 5957 156920 1381131 18411010 7 1991 598912.2
18.46138 1.84175 .13013 6128 148731 1314888 18312090 7 1992 558163
19.89035 1.747605 .12405 6225 159802 1307499 17288644 7 1993 565283.5
23.02653 1.795779 .14685 5223 152721 1314568 16919100 7 1994 587565.1
22.6399 1.675496 .14712 5376 155483 1362983 17760964 7 1995 582745.4
26.23154 2.003687 .14601 4143 135422 1382776 18282328 7 1996 581919.7
19.2768 1.903758 .14421 5218 142569 1313426 19421168 7 1997 561412.3
21.369 1.667204 .13576 4421 159336 1275599 19727696 7 1998 533293.3
23.57761 1.830557 .12394 2207 148816 626751 12752280 8 1986 402131.5
24.99698 1.793223 .12656 2435 173785 618045 13635750 8 1987 450722.7
26.1653 1.769621 .15602 2972 162786 616522 13689700 8 1988 462022.6
27.0577 1.835794 .15135 2818 155040 597401 14372990 8 1989 451286.7
29.22526 1.968769 .15384 3176 150495 593989 13322840 8 1990 480488.5
30.7314 1.890554 .14258 3079 157435 592998 13544340 8 1991 476811
34.48641 1.995377 .12352 3325 141538 593718 12074620 8 1992 470425
37.20645 2.081203 .11424 2812 127928 623318 11611722 8 1993 442076.5
38.91762 2.053987 .12968 2906 123405 620128 10966220 8 1994 446985
38.79535 1.830654 .13175 2415 141387 616821 11539870 8 1995 433787.6
41.22275 1.9255 .13093 1655 127777 609631 14442523 8 1996 394077.3
43.7186 1.90462 .12808 1539 141520 595689 16118685 8 1997 413120.6
288.769 1.764471 .12043 179 93324 640574 10328646 8 1998 293501.5
17.37793 2.049692 .12392 4766 195142 888360 14143210 9 1986 592889.8
18.15018 2.067078 .11711 4858 168439 869868 13111590 9 1987 538220.4
18.58814 1.872093 .12088 5261 208971 902279 14875040 9 1988 598072.9
20.08056 1.937254 .14003 5536 190818 907760 15045670 9 1989 607942.5
21.10262 1.995263 .14676 5612 183331 917487 12126600 9 1990 618871.8
21.63099 1.872795 .1522 4294 60683 919406 9314380 9 1991 346463.9
25.63462 1.819871 .14518 3130 61266 880959 8722960 9 1992 319630.3
29.09189 1.776384 .13101 3152 172526 874836 7676325 9 1993 512782.4
27.69546 1.707092 .14052 2962 103437 855811 8292030 9 1994 378869
28.76477 1.799027 .13661 2678 121707 830528 9161801 9 1995 409444.7
31.12114 1.957537 .14035 2652 151330 823470 9187574 9 1996 494341.3
31.1768 1.933114 .14847 2792 156628 806917 13155219 9 1997 509628.4
32.569 1.764348 .13583 2841 180564 796349 12505461 9 1998 519274.4
23.37519 1.660899 .1185 6823 111307 1075732 7864480 10 1986 471832.9
24.60892 1.76402 .13465 6370 121209 1028838 9834800 10 1987 509107
24.24114 1.683204 .14768 6255 119069 1023591 10225410 10 1988 503209.7
24.49737 1.804239 .15148 5958 124599 1005759 10469430 10 1989 523114.1
23.08848 1.908324 .16302 7503 96480 984664 7912990 10 1990 517867.9
22.85299 1.801827 .14996 6692 86839 993047 7376130 10 1991 458318.4
27.64121 1.740708 .13971 5702 82391 972732 8083430 10 1992 436929.2
28.52394 1.650071 .12478 5828 116723 976099 10352725 10 1993 480636.4
32.19201 1.626893 .1431 4964 132836 971386 11239800 10 1994 514916.4
38.7045 1.656372 .13896 3286 114964 982315 10793421 10 1995 454108.6
39.23002 1.804703 .13001 2468 115044 1001267 10856001 10 1996 434614.7
38.83436 1.751192 .15662 2347 97846 975875 9659974 10 1997 415332.9
35.369 1.633965 .13466 2341 106338 947592 10262140 10 1998 384154.1
14.5475 2.053725 .1366 29448 984487 5555860 101006552 11 1986 3209191
15.65549 2.186294 .14334 25273 938056 5502184 105822600 11 1987 3.235211D+06
16.71546 2.042982 .15018 23691 948586 5942944 104086440 11 1988 3.226462D+06
18.5531 2.295104 .14559 20818 839250 5825270 102354848 11 1989 3.160506D+06
19.4442 2.416915 .15442 22241 834225 6717806 106240568 11 1990 3.486073D+06
20.61326 2.370996 .14216 21871 825677 6583447 104244976 11 1991 3.344412D+06
21.80467 2.306805 .12283 18295 813699 6654508 102411296 11 1992 3.093335D+06
22.56722 2.157552 .11216 22346 922256 6500648 105849592 11 1993 3.223216D+06
23.18433 2.15144 .12469 20789 833600 6236727 101759968 11 1994 3.053077D+06
25.06981 2.084305 .11615 18840 884939 6148109 108304336 11 1995 3.030901D+06
26.67047 2.180394 .12047 18294 859833 5969600 114465688 11 1996 3.081843D+06
26.9768 2.154501 .13481 18161 888742 5848561 115354392 11 1997 3.193166D+06
27.669 1.943256 .13317 10307 609405 5709487 69707352 11 1998 2.229747D+06
9.944057 1.668708 .11874 7432 83411 779077 10041080 12 1986 305600.5
11.32012 1.816158 .12591 6049 75071 778084 10589830 12 1987 302784.8
13.34819 1.902511 .1359 4980 72151 767085 10575180 12 1988 307988.9
13.76742 1.945342 .13576 5142 98994 758766 13681180 12 1989 366379.3
16.29009 2.063134 .14746 3790 88983 742328 13191180 12 1990 354787
16.56095 2.159035 .15401 4102 76071 735123 11788240 12 1991 345389.3
18.00671 2.000804 .13488 3905 84495 723660 12380050 12 1992 336981.4
17.45535 2.241784 .12239 3832 76043 708230 12636934 12 1993 324041.2
19.07655 1.957512 .1456 3528 90574 692093 12377350 12 1994 345370.5
19.74059 2.234348 .13886 2872 69718 680893 11049057 12 1995 307018.
20.29381 2.376512 .13765 2910 69977 663843 10687467 12 1996 316734.1
21.3768 2.032265 .13391 2805 70635 653434 11575512 12 1997 291012.3
22.069 1.8567 .1213 2931 88182 659359 12061947 12 1998 308392
19.13438 1.774471 .13264 1674 40746 294321 3390380 13 1986 143372.3
23.46539 1.832991 .13967 1447 35963 286596 3718140 13 1987 139903.1
22.48184 1.756011 .13398 1671 38860 293288 3600500 13 1988 145100.5
23.13989 1.903604 .13836 1525 40214 312414 4466820 13 1989 155065.5
23.16655 2.074078 .13613 1608 45574 319509 3016210 13 1990 175270.6
23.7478 1.844816 .11763 1540 42612 316668 3015390 13 1991 152432.6
24.1269 1.825102 .11381 1518 24711 314111 2761890 13 1992 117473.7
28.28532 1.799528 .11467 1094 19431 316783 2809404 13 1993 102236.3
27.89081 1.841484 .13073 1008 29269 310721 2853240 13 1994 122632.9
31.23366 1.879858 .13512 860 18454 362205 2998098 13 1995 110493
36.67377 2.002803 .14856 808 28064 365537 3076521 13 1996 140143.3
30.45425 2.087177 .15344 1042 29899 365380 2791655 13 1997 150201.8
40.969 1.963494 .15375 734 32034 357362 2666914 13 1998 147914.2
16.48439 1.836658 .11085 3448 162191 877548 12120450 14 1986 452003.8
17.44192 1.797495 .13884 3282 168854 885263 13210360 14 1987 483668.5
18.41412 1.657583 .15128 4142 200113 900381 16359680 14 1988 544184.9
23.11333 1.746833 .15709 3049 222161 907904 17834050 14 1989 601173.4
21.86637 1.861345 .16561 3678 227342 895781 17687610 14 1990 651936.8
25.72754 1.718637 .15676 2912 223305 894758 16604510 14 1991 598961.1
26.58929 1.63876 .14733 2833 174549 910171 13480950 14 1992 495466.8
28.99421 1.642455 .13105 2329 121690 905765 9813462 14 1993 386098.3
33.68012 1.588482 .14443 1739 106025 903676 8727870 14 1994 357506.4
34.32237 1.714464 .14747 1161 82010 885371 8374040 14 1995 311017.1
33.54795 1.653331 .1413 1221 77799 887169 7875406 14 1996 294946.5
33.9768 1.934208 .14101 1091 76137 841706 8553448 14 1997 303022.4
40.269 1.585319 .16053 1197 125469 820721 10500655 14 1998 378860.8
25.29864 1.879676 .10057 733 56595 291130 4703880 15 1986 154203.1
27.34313 1.957571 .10063 860 60144 289908 4298270 15 1987 170424.7
29.83294 1.756491 .10074 808 60348 282283 5265650 15 1988 158542.9
30.40504 1.827365 .10106 856 68224 275617 5342220 15 1989 178550.7
32.36084 1.90847 .14045 914 62299 267597 4457010 15 1990 186057.6
35.96734 1.672258 .13516 877 61322 263193 5298960 15 1991 169662.7
32.83143 1.692176 .12713 673 58197 257910 4866350 15 1992 153363.3
38.16929 1.673563 .11922 597 50744 252354 3756178 15 1993 137796
41.65142 1.678478 .13428 498 51721 246770 3756530 15 1994 140691.2
44.83538 1.730855 .13164 487 31017 242453 1877177 15 1995 107437.3
46.06259 1.79413 .11588 453 47884 253132 2655116 15 1996 136109.4
55.6768 1.705706 .11423 339 72152 255909 4427352 15 1997 171177
69.669 1.537781 .03486 303 61539 251108 4722100 15 1998 124496.8
20.80962 2.285196 .13476 1074 43942 287886 5014510 16 1986 161561.1
20.48751 2.307124 .13466 1088 45200 282466 5297010 16 1987 164609.3
21.37252 2.407405 .13984 1052 41043 276756 5184570 16 1988 159992.6
21.8897 2.351985 .13475 1035 39573 273102 5062580 16 1989 152531.4
22.87511 2.53523 .13673 1029 39412 265584 5252030 16 1990 159770.3
23.42339 2.354168 .13342 1089 42706 259337 5524800 16 1991 160645.9
24.9226 2.251305 .12315 974 41624 256362 5412870 16 1992 149553.9
26.07782 2.227349 .11256 966 41568 251232 5268778 16 1993 146056.3
25.88075 2.165359 .12473 999 45167 243880 5674340 16 1994 154076.8
27.75095 2.08245 .12843 1044 45298 239143 5644998 16 1995 154015.9
28.64208 2.215076 .12626 928 40989 244777 6017520 16 1996 148279.2
31.1768 2.31323 .12086 933 39882 252761 5726573 16 1997 151892.9
31.169 2.029499 .1127 1014 46544 252656 5896982 16 1998 154540.7
18.57227 1.891255 .12073 2677 94319 728715 9777390 17 1986 316076.9
19.16639 2.210884 .12506 2830 78009 713621 9532750 17 1987 315955.2
20.25794 2.003448 .13085 3029 80060 695738 9256620 17 1988 312794.7
28.53292 2.107708 .12529 2203 79723 681824 9763100 17 1989 316316.6
22.02355 2.174944 .13819 3250 80256 668238 9704640 17 1990 338472.6
30.54261 2.197852 .13343 2370 76917 657266 9506460 17 1991 329137.2
18.4399 2.167421 .12652 3724 77080 645292 9349510 17 1992 317377.3
30.14442 2.120078 .11256 2161 88556 664285 10868413 17 1993 327659.7
22.94243 2.070024 .12362 3034 94868 648297 11223980 17 1994 346128.8
26.86043 2.126949 .12267 2799 89618 647798 10604505 17 1995 345260.6
26.13056 2.344963 .12227 2492 93688 632138 12249185 17 1996 362103.8
32.5768 2.372847 .13457 2487 91845 539695 12655032 17 1997 371579.4
45.169 1.796228 .12958 1800 101690 544455 11036813 17 1998 334513.1
14.91284 1.87342 .13532 559 67237 382673 5461890 18 1986 186082.7
16.00019 1.963641 .14112 658 50065 606836 5370010 18 1987 194474.5
17.01654 1.80016 .14487 645 56368 589306 5622470 18 1988 197819.8
16.93104 1.961171 .14718 670 56350 573674 5681350 18 1989 206289.1
17.52415 2.13803 .1475 738 51963 557813 5649170 18 1990 206308.7
17.97731 1.923758 .15636 832 59093 542906 6163680 18 1991 213526.5
20.47406 1.901351 .12779 664 60452 527711 6029490 18 1992 195971.4
23.96965 1.912455 .12078 624 61344 512536 5614469 18 1993 194178.8
23.0011 1.870899 .13511 708 64005 499673 6233480 18 1994 203542.5
22.82481 1.870595 .13229 695 59195 486120 6249114 18 1995 190901.9
23.63177 2.003848 .12784 687 58445 472116 5347957 18 1996 193705.2
23.33516 2.00573 .13151 711 67456 463077 6227316 18 1997 212789.1
18.26016 2.097399 .11859 7453 198967 1085792 22693140 19 1986 682170.3
18.67943 2.090977 .12505 8392 178475 1081497 20874640 19 1987 665186.1
18.89973 1.941789 .14192 11699 195547 587546 21574150 19 1988 684203.4
16.39678 1.9143 .1408 13908 184603 611753 20169700 19 1989 667566.8
19.15216 2.0324 .14946 12043 183124 602047 21116030 19 1990 692812.8
17.40422 2.062515 .14342 12470 157033 614176 18040320 19 1991 628998.7
17.65927 2.226033 .13442 12021 140905 657716 17371280 19 1992 614351.4
21.46879 2.062286 .14562 10594 165248 616428 20676184 19 1993 657993.3
20.3053 1.963909 .16558 10010 156208 635753 18135780 19 1994 615302.3
20.22625 2.017866 .16002 10226 150844 715823 17398228 19 1995 625762.6
21.58751 2.127713 .15484 9104 153940 740442 19697076 19 1996 638722.8
19.9768 1.933686 .17658 9167 143660 737273 17952020 19 1997 591108.3
47.269 1.812393 .15943 4260 146639 638941 17565430 19 1998 568999.8
20.87905 3.562056 .11056 9848 260955 2533291 24306680 20 1986 1.415234D+06
22.92747 3.110405 .11446 8135 244284 2482663 21402620 20 1987 1.230503D+06
25.27124 2.783598 .12525 7521 182026 2425015 17297050 20 1988 1.000485D+06
26.54577 2.803705 .12781 6865 166242 2380917 14152010 20 1989 952635.2
27.73219 2.863954 .14176 6659 192200 2296985 16447600 20 1990 1.060741D+06
28.87964 2.551973 .14229 7206 231098 2250991 17132340 20 1991 1.118156D+06
30.60047 2.662971 .14334 6942 170109 2209402 12578450 20 1992 982119.4
32.10862 2.481976 .13366 6200 297320 2174876 22389172 20 1993 1.227709D+06
33.14611 2.25208 .15192 6242 283589 2142481 24688070 20 1994 1.171049D+06
37.8542 2.408 .14063 6071 269004 2129786 24620476 20 1995 1.177086D+06
37.46245 2.576335 .13513 6116 291802 2112442 28463004 20 1996 1.266355D+06
38.8768 2.400319 .14368 6518 353870 2197309 34225128 20 1997 1.418509D+06
42.369 2.275516 .15572 6192 331793 2183964 29212128 20 1998 1357436
21.90319 2.004051 .12927 3544 173153 1097885 18440440 21 1986 566556
23.69124 2.058434 .14161 3117 178598 1071257 17950600 21 1987 593178.5
22.36155 1.96934 .16767 3743 167184 1044112 18128530 21 1988 588007.6
24.17794 1.997259 .15562 3333 165230 1016222 18002540 21 1989 568736.6
23.54092 1.895378 .17279 3231 148847 986821 16714120 21 1990 528694.9
25.32385 1.82215 .15075 3137 149025 949109 16693240 21 1991 494065
24.13918 1.812268 .15435 3433 155076 919194 17229800 21 1992 505786.6
25.78059 1.87843 .13911 3099 148201 899574 16856828 21 1993 483419
25.41574 1.818147 .14003 3127 158272 878967 17799350 21 1994 490318.5
26.13232 1.696584 .13272 2779 152697 864734 16490409 21 1995 446452.5
26.90971 1.787656 .13182 2681 152094 866792 17356296 21 1996 458297.2
26.9768 1.826494 .13931 2540 144979 861628 16741197 21 1997 453357.8
29.069 1.708845 .13006 2475 170616 840324 18719636 21 1998 472794.6
18.67878 2.166408 .14935 2395 99867 765439 12739750 22 1986 375406.7
17.20274 2.067089 .15104 2998 104811 748276 13420040 22 1987 381247.
17.94719 1.949123 .16071 3674 112939 731900 14043760 22 1988 403693.6
16.46928 2.016765 .13286 3979 94517 720018 13297580 22 1989 351811.5
16.82984 2.257314 .13407 3134 91612 722992 13309590 22 1990 356473.3
18.08134 2.124103 .12785 3376 108019 706521 13952430 22 1991 380814.8
18.63962 2.025089 .11932 3535 96928 1460605 13638570 22 1992 436458.2
18.44133 2.017402 .10937 3162 103127 1429090 14729427 22 1993 422659.7
19.31688 1.964506 .12431 3314 101870 1397416 14483020 22 1994 437853.2
21.2599 1.881621 .12074 2814 115229 1366446 15679455 22 1995 441627.3
23.31257 1.991326 .11706 2425 107848 1336187 16142649 22 1996 427707.6
22.0768 2.025098 .11049 2533 97418 1300022 16245963 22 1997 396841
23.469 1.727355 .1017 2343 123422 1267281 16853880 22 1998 397063.9
16.1759 2.12845 .1237 4718 98310 571512 11021970 23 1986 356261.9
14.60373 2.03404 .13494 4238 92184 571310 10856320 23 1987 326489.2
16.42797 1.902203 .14982 3604 92540 559149 10720430 23 1988 319008
17.25979 1.934278 .15189 3075 92921 559520 10043638 23 1989 317794.4
19.10891 2.204983 .15837 3042 76233 554811 9559350 23 1990 314087.2
21.58312 2.208586 .15337 2594 89064 555358 11129520 23 1991 337867.3
22.05084 2.077879 .14101 2365 87939 543283 11056430 23 1992 311485.2
23.53422 2.027519 .13047 2650 94712 532520 11594397 23 1993 323873.9
24.05579 1.942823 .15052 2194 93891 534637 11216540 23 1994 315665.5
25.35072 1.914006 .14652 2148 90113 538168 10328839 23 1995 305782.5
25.60319 2.080088 .14136 2180 84594 536321 10650662 23 1996 307592.2
26.2768 1.85516 .14179 2002 86390 520046 9494806 23 1997 286610.8
28.03474 1.959403 .13373 1609 79464 516239 9210434 23 1998 269846.5
20.66163 1.847532 .13198 5728 303598 2926521 25244320 24 1986 1.065499D+06
23.05613 2.008525 .13222 5668 339776 2858647 23942040 24 1987 1191101
24.37663 1.788401 .1437 6643 338382 2954683 27358110 24 1988 1.191685D+06
24.67566 1.890216 .13909 6845 387244 2975556 27776850 24 1989 1.31475D+06
24.61161 1.980571 .13991 7242 399737 2945793 28560700 24 1990 1.382091D+06
26.43638 1.764027 .13213 6914 457767 2926226 33509740 24 1991 1.376937D+06
25.39605 1.779559 .12279 5795 413523 2883266 31364720 24 1992 1.237095D+06
28.01553 1.695261 .10844 5130 445397 2839880 34026068 24 1993 1.206741D+06
28.27189 1.673593 .12396 4325 403929 2810813 31676070 24 1994 1.146717D+06
29.22784 1.686897 .11021 4464 425769 2767488 30956110 24 1995 1.153707D+06
30.167 1.77873 .10478 4659 455671 2704154 29668750 24 1996 1234405
31.8768 1.745198 .09697 4517 487502 2625203 31794454 24 1997 1249341
33.269 1.586292 .08727 4059 545424 2555605 38649244 24 1998 1.223268D+06
17.96306 1.971516 .12693 3210 251971 1617312 20410240 25 1986 759711.6
17.8064 2.061037 .12596 3373 211897 1572093 20267590 25 1987 694809.3
18.74468 1.913517 .12924 3419 233470 1531789 20108270 25 1988 708805.3
19.90842 1.929554 .12647 3585 243435 1491686 22349330 25 1989 729746.3
21.08799 2.021621 .12975 3222 234143 1455456 20877980 25 1990 730139.4
21.54721 1.873643 .12097 3585 231376 1428319 21011970 25 1991 683546.6
22.91388 1.923884 .11714 3526 218734 1399007 20345240 25 1992 665492.9
23.44014 1.89512 .11603 3689 214458 1374889 19838632 25 1993 652422.8
26.05911 1.928181 .12356 2931 195007 1416696 18838340 25 1994 627435.1
25.67587 1.934398 .11422 2715 192278 1406399 18452914 25 1995 602291.1
24.77899 1.961019 .11602 2527 218223 1375554 20914864 25 1996 650147.7
27.6768 1.936604 .13733 2377 234128 1343654 22202926 25 1997 703725.1
26.969 1.81667 .12426 3113 228492 1308454 22063196 25 1998 661637.6
20.68533 2.012992 .09637 1057 91754 257844 5832010 26 1986 231412.9
15.85511 2.088039 .10193 1298 102869 259526 6024170 26 1987 261827.9
16.7053 1.931358 .10234 1340 99760 254729 6297540 26 1988 241126.4
17.10675 2.00292 .09927 1351 109230 256420 6463320 26 1989 267345
16.97654 2.205088 .10953 1458 120100 255147 6371770 26 1990 317529.1
18.55348 1.996443 .09241 1479 105109 250554 5583170 26 1991 260438.4
19.62071 1.886233 .07932 1520 82676 246242 5034380 26 1992 205301.6
19.07455 1.90245 .07822 1456 77015 243786 4330571 26 1993 193358.7
20.74916 1.777919 .08792 1336 69107 242992 4230060 26 1994 171951.4
21.90979 1.785571 .08728 1415 76764 246517 4286794 26 1995 189586
22.26492 1.902634 .08799 1358 87036 245271 4383450 26 1996 217414.8
21.3768 1.927847 .09311 1482 88572 243053 4263493 26 1997 225064.3
23.469 1.698238 .08597 1213 74484 237902 4312891 26 1998 175411.9
14.12746 2.084584 .12827 9932 430601 3434823 43395232 27 1986 1.478523D+06
15.50765 2.392071 .12822 10306 396448 3792544 46893920 27 1987 1.594434D+06
16.65143 2.590279 .14533 9594 360988 3804866 46201540 27 1988 1.647775D+06
18.02406 2.360296 .14585 8549 397667 3814946 46967128 27 1989 1.64911D+06
19.98981 2.565587 .14749 8660 366343 3772766 46969688 27 1990 1.669442D+06
21.05013 2.661492 .14312 8851 343002 3720749 46818080 27 1991 1.631725D+06
23.57541 2.62368 .12289 12293 352776 3692100 44342960 27 1992 1.669106D+06
24.3544 1.839832 .10807 8740 553011 3674650 50653348 27 1993 1.627425D+06
23.95602 1.673138 .11943 8026 480699 3604130 48103720 27 1994 1426988
27.62395 1.878256 .11452 6904 422015 3525907 44293368 27 1995 1.387155D+06
30.12169 2.051133 .10972 6246 444497 3438331 45152384 27 1996 1.477116D+06
38.64644 1.996009 .10404 4444 487971 3359016 46489884 27 1997 1.495212D+06
33.269 1.979995 .09501 5516 483048 3259307 49639872 27 1998 1.449611D+06
18.4746 1.898787 .13063 2364 86816 677401 11209760 28 1986 297007.9
19.85891 1.641907 .13289 2419 93494 1107006 12179060 28 1987 348657.2
22.18694 1.430297 .13812 2376 103236 1080254 12589710 28 1988 349579.
22.31968 1.521213 .13427 2490 89548 1056369 11927720 28 1989 333636.2
23.059 1.62188 .1384 2436 86868 1044080 12252320 28 1990 341561.8
23.8839 1.893498 .13067 2298 80794 1033081 12849630 28 1991 342861.2
24.72339 1.80346 .11982 2117 80226 1010324 12524560 28 1992 318080.8
26.11658 1.724023 .10742 2360 86439 995732 13251404 28 1993 317619.4
27.28157 1.733004 .13415 2246 92565 988351 13565150 28 1994 354277.3
28.8457 1.635012 .13198 2060 97399 965222 14003327 28 1995 346060.7
30.59049 1.746809 .12546 2205 89217 953548 14572219 28 1996 342929.2
33.2768 1.696193 .1261 2198 91755 1050794 14870271 28 1997 361281.8
37.469 1.432106 .11988 1882 119055 1023601 16193492 28 1998 363725.3
15.16228 1.915716 .11143 2564 99157 792522 11078430 29 1986 317143.4
15.70449 1.933374 .11774 1891 101015 772071 13058520 29 1987 315900.6
16.74163 1.817787 .12424 2395 109505 753188 14249980 29 1988 332729.
17.97477 1.935717 .11739 2196 85116 733289 12536660 29 1989 290313.9
19.14248 2.114059 .12297 2155 82945 714221 12948990 29 1990 304430.4
20.30272 2.031135 .11891 2341 90169 691707 14105520 29 1991 312924.9
21.79158 1.972487 .11925 2291 85400 694946 13637850 29 1992 301247.2
22.0562 1.895668 .10558 2078 94310 684758 14874723 29 1993 296910
23.2464 1.882605 .12787 2119 89917 672691 15417340 29 1994 304554.3
23.78815 1.8791 .13062 2246 100263 759600 15123352 29 1995 341051.3
25.03486 2.086511 .12895 2209 93954 761331 16365642 29 1996 349511.7
26.2768 1.997397 .12842 2110 93272 745553 15730365 29 1997 337489.2
29.769 1.763733 .12066 1868 118159 736361 17604276 29 1998 352858.8
15.06814 1.695076 .12618 4037 71108 577830 8211890 30 1986 254274.2
14.31178 1.913834 .12735 4008 64503 572759 8640830 30 1987 253750.5
14.85467 1.84591 .13428 3830 67306 585849 8675760 30 1988 259802
17.45472 1.972657 .13612 3310 63815 586294 9744100 30 1989 263466.5
19.89937 2.10296 .14591 2904 67909 569860 10751590 30 1990 283746
20.10598 1.947078 .14341 3169 67969 980612 11571440 30 1991 336686.3
21.18713 1.929782 .13253 2835 68649 966337 11753860 30 1992 320611.8
24.41466 1.828333 .1186 2609 81686 942890 12225082 30 1993 324873.8
25.80788 1.901595 .13373 2517 75456 921163 11894250 30 1994 331632.3
26.74202 1.789958 .13497 2552 76953 919680 12096201 30 1995 330117.5
27.89651 1.89817 .13126 2598 78654 897137 13722214 30 1996 339532.
27.6768 1.851173 .12813 2618 80348 901488 13694255 30 1997 336703.6
29.769 1.759389 .11835 2730 87491 889964 13758357 30 1998 340527.3
22.44951 2.824203 .1521 3740 69930 827120 8244940 31 1986 407262.7
26.03004 2.196496 .14863 3335 101216 1200968 10389690 31 1987 487630.6
26.44385 1.876997 .16092 3239 136074 1191276 13213390 31 1988 532762.2
26.80533 1.903306 .15342 3271 129346 1163337 13514790 31 1989 512344.4
29.18294 2.026594 .15789 3147 123611 1141001 13650280 31 1990 522500.7
27.8494 1.78101 .15126 3483 138663 1146513 13683420 31 1991 517381.2
28.83517 1.726487 .13546 3171 140248 1125054 14188330 31 1992 485972.5
29.91249 1.730192 .12735 3321 140958 1137928 14451211 31 1993 488138.9
30.88365 1.730658 .14156 3174 141989 1121186 14399710 31 1994 502474.2
31.41621 1.70611 .14348 3257 141091 1095130 14968692 31 1995 500168.6
33.1404 1.836457 .13914 2846 126547 1101750 14507025 31 1996 480013.2
32.5768 1.803867 .14469 2908 131525 1095470 15203992 31 1997 490490.5
31.869 1.794746 .1334 2788 137875 1065262 16398213 31 1998 478407.3
18.56444 1.853439 .11943 9246 335435 1785351 42494832 32 1986 1.00658D+06
19.13788 1.859193 .12264 9830 315007 1748476 42325208 32 1987 988217.1
19.56626 1.78837 .13453 8682 322105 1715267 43896408 32 1988 976671.9
20.3493 1.829577 .13021 10011 307479 1681499 44422860 32 1989 985221.3
20.83069 1.979498 .13308 10142 287935 1656587 42844592 32 1990 1.00169D+06
21.73466 2.032093 .1351 9513 279715 1658723 41713512 32 1991 999262.1
20.78741 1.941201 .12599 10013 291206 1641924 41815888 32 1992 980299.6
20.56552 1.877613 .12028 10196 299319 1647643 42881708 32 1993 969869.8
23.82711 1.82166 .13875 7888 305007 1620980 40925140 32 1994 968478.3
24.32597 1.811167 .13622 7420 307957 1642651 41725720 32 1995 962022.1
27.69943 1.915114 .13095 5957 284414 1626431 42489624 32 1996 922671.9
26.9768 1.936836 .12718 6516 273803 1589344 40648976 32 1997 908225.1
33.969 1.703406 .1151 5747 313902 1556974 41478044 32 1998 909130.2
18.81235 1.602732 .141 1724 7757 344427 1489360 33 1986 93429.09
19.17421 1.505182 .14977 1713 8781 499301 1407780 33 1987 120842.7
18.94358 1.44419 .15261 1886 12295 485022 2402030 33 1988 127503.1
18.46724 1.631122 .1545 945 14443 472534 2609770 33 1989 114016.3
19.71341 1.714463 .16274 872 17271 459014 2955020 33 1990 121500.5
21.60085 1.860934 .15582 903 26130 446348 4176210 33 1991 137681.7
20.35377 1.783624 .14359 1068 29693 435117 4916030 33 1992 137177.4
22.62925 1.80126 .12988 1062 27578 426971 4110942 33 1993 129162.4
20.41809 2.002818 .1453 1090 28326 416808 4917980 33 1994 139549.7
24.26461 1.753637 .15226 791 19355 409748 2932859 33 1995 115523.2
24.75278 2.022068 .1559 688 14742 404192 2657219 33 1996 109852.8
24.8768 2.059578 .1491 739 16745 396109 3156044 33 1997 111931.4
25.569 1.648345 .12844 798 27907 385159 4727281 33 1998 115874.2
17.36732 1.955344 .19814 4123 188734 1347088 22949660 34 1986 707557.4
19.10006 2.078184 .19021 4014 167399 1310470 22867290 34 1987 673818.1
19.91313 1.964959 .17779 4168 182485 1285701 22602630 34 1988 670158.2
20.44092 2.068017 .1473 4457 179345 1260857 24212120 34 1989 647717.8
20.95408 2.229132 .13224 4143 175613 1239009 25522440 34 1990 642123.9
21.85809 2.125316 .13536 3975 188918 1226774 26163790 34 1991 654452.5
21.52121 2.068108 .13116 3941 189639 1211390 25854760 34 1992 635894.9
23.11872 1.992223 .11226 3506 192505 1221740 26389414 34 1993 601719.6
25.26902 1.905408 .12574 3541 208638 1297572 27528090 34 1994 650174.8
35.71895 1.918376 .11285 2689 203733 1415268 28030264 34 1995 646597.8
45.73283 2.011064 .11952 2184 176781 1398995 26233656 34 1996 622606.3
47.9768 1.882861 .12107 1965 201722 1380863 28265176 34 1997 641270.1
45.869 1.576297 .12623 2378 237940 1349050 29228100 34 1998 654431.3
20.34938 1.733551 .12467 6652 369108 1926967 14176640 35 1986 1.015467D+06
23.33444 1.883034 .13102 6328 98219 1890633 15366450 35 1987 580320.8
26.31148 1.750276 .14295 5800 153193 1882145 15912400 35 1988 689789.3
24.73012 1.883999 .1418 6375 213797 1883000 17156380 35 1989 827457.3
25.59948 1.981196 .15229 6005 192686 1850495 13874660 35 1990 817285.5
27.27834 1.882016 .15709 6116 166819 1849728 13377550 35 1991 771364.2
29.08982 1.818327 .13898 5590 148779 1910531 12079980 35 1992 698666.6
31.25818 1.774428 .12763 4742 83305 1891406 11116606 35 1993 537445.2
32.87194 1.853658 .15117 4210 50483 1905100 10832840 35 1994 519963.1
30.20063 1.828285 .14538 4217 102417 1908315 9794264 35 1995 592034.4
34.70881 1.970301 .15044 3491 76394 1852501 9581907 35 1996 550377.9
32.5768 2.261415 .15113 3094 101341 1831209 11112590 35 1997 606717.3
40.969 1.821633 .13942 2531 155916 1776319 10563041 35 1998 635368.7
16.59682 1.964617 .13575 918 25739 157744 2059950 36 1986 87216.91
17.9432 2.014539 .14893 464 26840 153996 2409200 36 1987 85330.49
17.55604 2.054103 .15524 562 29077 151149 2652650 36 1988 93058.01
20.2105 2.08495 .14888 641 33758 146945 3428540 36 1989 105215.8
20.0256 2.229495 .16142 635 31153 149767 3497280 36 1990 106347.1
20.90089 2.360854 .14814 637 29631 147977 3368870 36 1991 105189.6
21.37027 2.250955 .13515 671 34671 145570 3660640 36 1992 112056.1
22.68929 2.342172 .11637 641 34230 143225 3439678 36 1993 111383.5
22.55441 2.265886 .13154 655 39645 139065 3834930 36 1994 122896.8
20.43003 2.229488 .12702 773 37988 137985 4014276 36 1995 118013.
24.61936 2.562935 .14153 842 36534 136289 4197622 36 1996 133652.8
26.2768 2.49999 .13792 846 33884 130578 3885616 36 1997 124949.2
26.269 2.004702 .13038 703 46070 127479 4346756 36 1998 127444.4
14.427 2.167545 .11781 1552 61220 699662 7226650 37 1986 237515
15.50093 2.17556 .13476 1632 64148 682947 8238710 37 1987 256889.3
15.14707 2.095933 .14179 1659 64426 684675 8082590 37 1988 257241.6
15.90597 2.10939 .14213 1541 68352 670066 8434950 37 1989 263928.6
16.29388 2.489465 .14293 1761 58830 662773 9318120 37 1990 269878.9
16.83308 2.170795 .15231 1706 63304 662741 8255440 37 1991 267079.3
18.70118 2.126127 .12933 1493 62499 650089 8282780 37 1992 244877.6
19.64793 2.107046 .12343 1388 67123 655885 8887546 37 1993 249658.5
18.93375 2.040286 .14376 1423 77799 654362 9977890 37 1994 279746.
17.52273 2.037994 .13481 1582 73514 639910 9430087 37 1995 263808.3
19.3159 2.297812 .12873 1998 70605 637747 10146839 37 1996 282927.3
18.5768 2.162389 .1242 2140 71405 920139 9962007 37 1997 308441
19.269 1.920512 .1117 2357 93774 906008 11783104 37 1998 326712.3
18.93868 1.931448 .13301 9514 362643 2884431 28756990 38 1986 1.264267D+06
20.35758 1.462543 .13473 9103 598870 2835135 37843552 38 1987 1.443166D+06
21.371 1.454466 .16263 8272 514988 2814423 30880210 38 1988 1383523
21.66321 1.723327 .15636 8533 445457 2763549 29058330 38 1989 1384629
22.40356 1.924686 .16407 8263 310578 2705934 24067280 38 1990 1.226848D+06
23.72128 1.51879 .16536 8213 340316 2655823 23947900 38 1991 1.150858D+06
25.44048 1.435245 .1452 6437 465518 2648908 29554140 38 1992 1.216514D+06
25.40125 1.461559 .1331 6336 456756 2629960 27950744 38 1993 1178566
26.20274 1.429948 .14612 6362 491891 2621589 31864310 38 1994 1253147
29.53313 1.56651 .1439 5136 325321 2629828 26516720 38 1995 1039733
35.87905 1.797027 .14566 4223 283203 2593234 21548848 38 1996 1038171
31.8768 1.815852 .18249 4363 424267 2546023 23108512 38 1997 1.374108D+06
31.169 1.627591 .172 2326 150813 2480476 13138672 38 1998 744602.8
17.47903 2.167007 .11338 3656 140057 776611 13377140 39 1986 455460.
18.66704 2.213991 .11574 3307 153056 766302 16259980 39 1987 489288.3
19.99968 2.101662 .12047 3249 165118 758569 16351760 39 1988 503385.9
20.74148 2.247769 .11848 3019 148239 741664 16173410 39 1989 483697.9
19.389 2.362203 .12298 3116 138216 730077 15325090 39 1990 476695.2
21.17362 2.067981 .11183 3342 178902 725293 16261500 39 1991 521837.7
22.95943 2.101922 .11679 3246 175837 724435 16286390 39 1992 528728.7
22.70177 2.035379 .10165 3374 180509 827167 15875428 39 1993 528081.5
28.60785 2.028273 .10745 2777 181303 816764 16071330 39 1994 534937.2
25.96431 1.977319 .10039 2867 192523 814230 17279010 39 1995 536859.5
27.56696 2.12105 .10279 2571 175973 801824 17738068 39 1996 526541.7
28.3768 2.044265 .10554 2793 169280 790250 16664008 39 1997 508712.6
29.769 1.834999 .10025 2918 178763 775437 15677624 39 1998 492633.4
16.00744 2.094404 .09847 19764 696771 3878295 75467872 40 1986 2.157587D+06
17.29802 1.991783 .11003 17325 687125 3854657 71878920 40 1987 2.09242D+06
17.59762 1.833146 .12958 16570 708877 3789738 73172880 40 1988 2082142
18.25814 1.858869 .12346 14679 734273 3702367 74585240 40 1989 2.090023D+06
20.17324 2.389106 .12767 13985 529572 3633398 72321352 40 1990 2.011203D+06
22.53702 2.23008 .13157 11833 566299 3568549 70692232 40 1991 1.999087D+06
34.38973 2.000693 .12297 7563 618509 3501886 67406864 40 1992 1.928163D+06
26.90714 2.037787 .11328 9476 636991 3437055 67562704 40 1993 1.942374D+06
26.94686 1.821598 .12816 8538 657465 3364584 66384912 40 1994 1.858915D+06
28.21713 1.854715 .1295 7613 597285 3287591 66581156 40 1995 1.748354D+06
32.46327 2.256182 .12082 7123 592444 3306124 72616696 40 1996 1.967343D+06
34.6768 2.141211 .11827 6653 658770 3260178 73761776 40 1997 2.026852D+06
27.669 1.899194 .09736 8830 750126 3183017 79723096 40 1998 1.97885D+06
17.41494 1.647074 .14079 8798 283360 1616791 25453970 41 1986 847559.4
18.48792 1.792409 .14208 7849 262243 1569371 27862380 41 1987 838134.8
18.91942 1.64509 .1489 6988 271961 1734272 28212400 41 1988 837842.4
21.68083 1.757966 .14598 6414 300935 1747540 32075820 41 1989 923200.2
20.99854 1.972428 .1475 6357 199386 1767824 24547400 41 1990 787516.3
22.45146 1.60024 .13662 6179 274133 1845984 27362400 41 1991 829604.4
23.99717 1.67319 .12445 5376 253270 1832349 27383590 41 1992 780813.3
25.06043 1.576105 .11499 5297 287648 1839108 29240464 41 1993 797587.7
28.45011 1.565336 .13134 4172 265148 1678293 27163170 41 1994 754166.6
31.09105 1.623111 .13022 4487 266588 1770040 29156704 41 1995 802702.1
33.01128 1.681273 .1273 3028 257158 1945095 29717172 41 1996 779921.5
32.5768 1.65281 .12714 3045 257912 2070790 30735272 41 1997 788756.2
33.269 1.492314 .11978 2867 323513 1999412 33998808 41 1998 817654.9
21.66382 2.015932 .12249 3652 116629 997925 11527380 42 1986 436468.2
22.93079 1.930827 .11629 3929 97742 975332 12880220 42 1987 392239.3
23.98585 1.896998 .13505 4854 141039 1154163 16156730 42 1988 539847.7
23.89006 1.964981 .1273 4664 129788 1104222 16598900 42 1989 507021.7
24.12797 2.292826 .1315 3839 99559 1065678 15071130 42 1990 461035.4
25.52051 2.007554 .1332 4006 128172 1070013 16286100 42 1991 502073.1
26.50675 2.073629 .12463 4103 113928 1071192 15973610 42 1992 478504.3
25.73274 1.878346 .11604 4352 122780 1092776 16720916 42 1993 469418
28.87305 1.793699 .12902 2991 139844 1090838 18328450 42 1994 477937.3
28.16186 1.777887 .1289 2970 147345 1095685 18802868 42 1995 486837.3
30.67016 1.944624 .13372 2468 129775 1082535 19564500 42 1996 472814.1
31.1768 2.01783 .12668 2509 136345 1067562 20925364 42 1997 488582.4
32.569 1.738494 .12412 2711 145516 1043337 19680624 42 1998 470772.2
19.86935 1.905325 .11776 949 62870 389875 6830060 43 1986 184555.5
20.67834 2.036328 .11826 916 59482 385000 6940580 43 1987 185596.3
20.56385 1.894511 .12608 967 63425 372358 6712150 43 1988 186991.5
20.85486 2.007342 .12026 989 58627 370960 6584490 43 1989 182921.6
22.28626 1.92754 .13321 996 59919 361608 7261940 43 1990 185863.2
22.92927 2.027125 .11247 980 59827 353574 7840930 43 1991 183514
23.57348 2.122006 .11151 1067 54308 343857 7420050 43 1992 178738.3
24.56142 1.940777 .09523 1033 60094 341054 7615622 43 1993 174479.5
26.51317 1.999308 .10571 927 57014 332034 7820860 43 1994 173665.6
25.55608 1.800725 .09907 1089 58242 324006 8322666 43 1995 164807.7
25.67719 2.078136 .08576 1088 50466 319491 8686738 43 1996 160211.6
25.5768 2.014313 .10436 1291 52713 309842 8587291 43 1997 171535.3
29.069 1.762207 .10912 1094 61652 304207 8916385 43 1998 173640.1
22.62796 1.77069 .1187 3316 113747 836196 10941910 44 1986 375701.5
24.11111 1.849278 .1207 3253 113746 838656 11543320 44 1987 390007.2
26.12897 1.718547 .12388 3096 135328 846980 13277870 44 1988 418386.7
27.1318 1.822528 .12322 2967 167357 851980 15335290 44 1989 490493.8
27.85746 1.899068 .1396 3335 147037 856974 13777380 44 1990 491771.4
29.08972 1.741517 .13058 3617 152160 850921 13669020 44 1991 481320
29.20714 1.708224 .11688 3408 145795 1392317 14933120 44 1992 511322.4
31.33692 1.719136 .1115 3358 161489 1385038 16562863 44 1993 537282.7
31.74926 1.698123 .12381 2911 164649 1365281 17124720 44 1994 541051.8
32.87204 1.708098 .1172 2855 159565 1326121 17506132 44 1995 521823.7
34.6242 1.804308 .12326 2459 151656 1327422 17918322 44 1996 522393.1
33.9768 1.785219 .12865 2691 153350 1260140 18011472 44 1997 527311.9
35.369 1.568027 .12336 2680 175873 1232660 18735756 44 1998 522623.5
21.76113 1.880215 .11114 2282 111635 485938 8815920 45 1986 313563.9
24.31041 1.943489 .12154 2099 118504 479050 8928020 45 1987 339562.6
24.75776 1.78472 .13874 2342 111224 483944 8574560 45 1988 323628.8
26.03235 1.863186 .14306 1699 141451 501931 9922370 45 1989 379584.7
27.63345 1.942819 .16014 1967 128730 496726 8491310 45 1990 383999.8
28.82702 1.800363 .14914 1841 100099 491383 7161080 45 1991 306569.9
29.33794 1.76846 .13256 1714 96321 533685 6929170 45 1992 291370.4
30.2108 1.731271 .12889 1818 88596 523117 5439321 45 1993 275731.5
34.13363 1.716087 .14324 1481 74194 589516 5593550 45 1994 262317.5
38.99169 1.719542 .13838 1407 86568 585776 6028662 45 1995 284778.3
38.09612 1.817256 .12949 1263 85985 577397 5201206 45 1996 279139.3
40.9768 1.717218 .13246 939 153797 556448 7364313 45 1997 376287.2
43.769 1.601503 .11587 433 54955 540539 2317982 45 1998 169594.9
14.04497 2.140752 .13053 5792 210838 1443339 23625760 46 1986 721099.4
16.48285 2.185685 .13617 4550 177609 1411954 21454020 46 1987 655460.1
19.01883 2.088001 .14887 4172 194724 1385367 22204010 46 1988 692170.1
20.26037 2.171771 .13572 3285 203879 1353304 24383300 46 1989 693004.2
20.20284 2.412041 .1533 3910 154774 1347711 19954510 46 1990 658918.4
21.11048 2.370802 .14753 3467 162034 1328447 20239590 46 1991 653326.4
22.4428 2.238117 .13563 3630 204803 1298266 25195880 46 1992 715924.2
23.99366 2.182138 .11956 3602 204928 1278640 25806728 46 1993 686480.6
25.24415 2.14377 .13802 3853 173227 1262919 21000770 46 1994 642932.6
27.09439 2.04773 .1349 3307 208195 1235866 23516770 46 1995 682646.6
29.083 2.153892 .12069 3240 201321 1216412 24859220 46 1996 674661.4
26.2768 2.061446 .12389 3329 213365 1231794 25545544 46 1997 679922.9
26.269 1.823161 .10814 3430 252865 1219958 27575912 46 1998 683042.4
19.1164 2.143382 .12575 804 50919 232546 3768740 47 1986 153751.1
20.25939 2.119072 .15762 703 48144 226584 3887570 47 1987 151977.1
21.46116 2.017592 .16338 787 53621 313870 4796380 47 1988 176355.3
22.2019 2.134047 .15846 737 58221 306271 5224220 47 1989 189140.8
22.58689 2.302229 .15816 874 55291 299858 4935130 47 1990 194459
23.39566 2.157479 .15063 929 53575 294204 4887940 47 1991 181637.4
25.03939 1.926489 .14141 1013 53799 296417 4528110 47 1992 170924.4
25.49757 1.931271 .1248 963 35340 294484 3063713 47 1993 129556.9
28.44373 2.008918 .1293 705 31522 290803 2936790 47 1994 120978.8
28.70761 2.135842 .1261 548 26418 289474 2664797 47 1995 108659.1
31.48262 2.199738 .11977 486 24393 287149 2433972 47 1996 103350.6
32.5768 1.9479 .12051 476 31431 281607 2870828 47 1997 110667.5
33.269 1.74162 .11939 451 46594 276752 4041567 47 1998 129194.8
15.7311 1.905882 .11546 658 25761 170440 1816630 48 1986 79127.49
16.69362 1.976443 .12604 707 27325 166428 1782510 48 1987 86785.28
17.78633 1.815338 .14542 802 28346 161909 2051550 48 1988 89267.02
19.27412 1.88749 .13686 787 31585 160014 2079030 48 1989 96684.61
19.87605 1.898054 .14181 741 22668 155521 1432220 48 1990 79807.67
20.78755 1.721207 .12993 623 16269 152843 998910 48 1991 60811.85
20.51148 1.7447 .11756 670 12915 153577 915110 48 1992 54330.
22.15976 1.691901 .11052 584 9474 150395 592625 48 1993 45592.02
24.58539 1.650531 .13971 584 8251 146176 534430 48 1994 48398.65
26.05058 1.704144 .13534 418 10312 131872 576887 48 1995 46309.83
24.89761 1.772533 .12887 487 9365 128235 499166 48 1996 45250.55
24.8768 1.739913 .13051 386 20042 124633 1117678 48 1997 60739.63
26.269 1.567282 .12835 487 19441 121692 1296464 48 1998 58881.7
21.60314 1.93716 .10193 8887 297017 2306414 17555730 49 1986 1.002449D+06
22.29896 2.026795 .10858 9964 297843 2254146 18625440 49 1987 1.070609D+06
22.97183 1.861356 .11396 9989 327620 2217454 22048010 49 1988 1.091984D+06
23.74982 1.947548 .11874 8982 389524 2202456 25358660 49 1989 1.233457D+06
24.39001 2.153934 .12838 9299 364428 2196610 23114030 49 1990 1.293758D+06
25.41955 1.912984 .12705 8736 355402 2169362 19809970 49 1991 1.177561D+06
26.86213 1.829493 .11605 9369 282122 2181312 16112440 49 1992 1.020953D+06
27.96978 1.777954 .10709 9151 228216 2181816 13872545 49 1993 895359.8
29.4358 1.756337 .12264 7926 202025 2111544 12396690 49 1994 847091.8
31.75466 1.73208 .11934 5627 174587 2116920 13016343 49 1995 733715.3
32.06198 1.86893 .12434 5004 165055 2075731 9530703 49 1996 727010.8
35.3768 1.769825 .12946 4627 225804 2021239 12362169 49 1997 824991.6
37.469 1.593584 .11698 4070 261768 1858143 13719200 49 1998 787013.7
21.57865 1.931792 .13008 1788 99850 469021 8611980 50 1986 292482.3
22.7111 1.972761 .13538 1812 100987 472187 8921830 50 1987 304300.4
23.55026 1.874169 .14904 1788 109227 468604 9639480 50 1988 316658.5
24.84488 1.935671 .14281 1790 101681 477789 8785480 50 1989 309526.3
25.70192 1.999068 .16079 1926 79088 513704 7143690 50 1990 290202.6
26.8787 1.869328 .15143 1919 89174 514207 7628310 50 1991 296142.1
25.49581 1.79652 .13647 2290 75715 534308 6584980 50 1992 267325.9
27.77728 1.77675 .11657 1969 95339 532804 8456234 50 1993 286196
31.52572 1.774725 .13331 1759 86439 526379 7739540 50 1994 279030.8
28.44783 1.772581 .13537 1850 76899 538335 9200406 50 1995 261812.6
28.26217 1.898679 .15057 1697 74947 534034 9021597 50 1996 270670.7
22.7768 1.836696 .15608 2254 70122 540151 6248518 50 1997 264438.5
40.269 1.702158 .15293 1118 69633 528660 7048016 50 1998 244395.1
16.3335 2.203306 .11476 5695 244036 1967112 30248670 51 1986 856451
17.91354 2.207673 .11453 5826 185219 1912569 23617210 51 1987 732313.7
19.4673 2.156979 .11975 5921 185319 1879776 23929790 51 1988 740098.2
19.7879 2.225104 .11421 4895 202443 1843406 26174450 51 1989 757854
20.4496 2.419357 .12305 5906 196200 1854331 27262570 51 1990 823628.6
22.81513 2.286084 .11816 4178 199818 1830300 26455230 51 1991 768390.6
24.4624 2.233216 .10657 5158 217282 1890339 28998530 51 1992 812868.1
26.11327 2.143726 .09772 4568 258858 1883200 34096852 51 1993 858232.4
28.24927 2.052486 .11324 5061 249297 1891063 32713850 51 1994 868792.2
30.3195 2.023755 .11033 4042 257125 1943366 32389116 51 1995 857320.9
30.42529 2.031074 .10922 4235 288450 1919247 40648872 51 1996 924334.4
35.3768 1.958578 .09402 3173 305473 1878535 45234244 51 1997 887163.1
33.269 1.74539 .08882 3665 322821 1840235 42164144 51 1998 848829.1
15.69993 1.932614 .1252 568 21141 308626 2083920 52 1986 88414.93
17.19159 2.006545 .12704 572 22280 300065 2509310 52 1987 92659.67
17.70071 1.844648 .13382 587 25547 293648 2550750 52 1988 96811.5
20.12548 1.918716 .13828 582 36209 288393 3673090 52 1989 121066.8
20.64528 2.042124 .17323 569 29041 279367 2996550 52 1990 119447.2
21.5085 1.504087 .17533 560 33719 271658 2851080 52 1991 110390.9
22.82487 1.498443 .17819 710 41599 264974 3252990 52 1992 125755.1
23.91378 1.506767 .16791 715 45479 261360 3095960 52 1993 129509.6
24.94335 1.567639 .2009 734 42479 254745 3367180 52 1994 136078.5
25.36353 1.56249 .20503 769 32800 249550 3129788 52 1995 121919.5
26.77771 1.783589 .14661 782 41687 248027 3268164 52 1996 131655.9
28.3768 1.797728 .13983 631 47468 251925 3456159 52 1997 138467
31.169 1.780682 .12427 582 46289 247048 3732305 52 1998 131267
17.03318 1.56949 .12038 353 17574 137532 2065520 53 1986 50151.03
17.61243 1.846017 .11894 382 14997 141661 2093950 53 1987 51261.82
18.46311 1.791825 .14201 375 15227 139921 2152480 53 1988 54077.97
18.59416 2.064865 .14297 357 13849 137877 2367540 53 1989 54946.7
19.60365 2.011304 .14906 358 13666 139610 2253840 53 1990 55314.85
20.42673 1.823525 .14042 346 13638 155352 2243080 53 1991 53751.42
21.31699 1.780476 .12813 360 14746 152358 2307850 53 1992 53450.64
21.77037 1.726396 .12461 371 15881 149277 2322749 53 1993 54095.11
22.32208 1.708472 .13789 354 16655 146098 2495050 53 1994 56502.07
24.75506 1.692433 .13314 362 16215 143550 2374021 53 1995 55516.39
24.58827 1.887162 .1362 347 14181 138172 2231062 53 1996 54113.
22.7768 1.957232 .13538 399 14370 137256 2372914 53 1997 55795.09
23.469 1.645149 .13216 427 16162 138630 2228103 53 1998 54931.51
18.71747 1.825467 .12806 2891 228272 1516072 20409480 54 1986 664963.4
22.04886 2.114713 .12977 2223 170235 1477906 19193490 54 1987 600800.7
22.49036 1.930091 .13512 2178 186158 1428482 18885510 54 1988 601302.3
24.5704 2.087312 .13002 2156 176403 1357911 19410020 54 1989 597737.4
25.70379 2.093191 .1291 2413 194574 1310433 20867760 54 1990 638480.8
26.1091 2.416416 .12329 2288 160743 1271781 20552120 54 1991 604957.4
28.31855 2.230208 .12665 2242 197398 1239648 22643950 54 1992 660730.2
29.25824 1.79228 .11176 2286 276330 1184542 22128494 54 1993 694529.6
26.01515 2.089737 .14176 2325 230068 1151671 22730780 54 1994 704527.8
26.03169 2.104471 .1359 2383 224585 1122286 24614472 54 1995 687184.9
23.84297 2.187391 .12724 2264 239913 1093144 19921376 54 1996 717855.7
24.8768 2.211459 .12662 2322 238655 1072714 20019804 54 1997 721366.7
19.969 1.55196 .11232 3072 320876 1042581 21945740 54 1998 676434.2
12.75584 1.734181 .11595 3729 149469 932329 16794590 55 1986 414876.3
27.74372 1.897825 .12212 1813 128269 905247 16086760 55 1987 404280.3
23.11243 1.813305 .13184 2128 126055 882250 14618530 55 1988 394075.3
24.50768 1.887215 .1414 2003 118392 857375 14134680 55 1989 393752.9
25.13209 1.882804 .14859 2341 113894 833649 13264360 55 1990 397146.2
26.58061 1.944844 .13955 1913 110434 818611 13812450 55 1991 379862.8
27.61549 1.786041 .1303 1941 113351 810803 13454570 55 1992 361698.8
28.87531 1.888014 .12403 2035 110618 794122 13074965 55 1993 366104.5
25.06141 1.904048 .13638 2568 104802 798905 13215210 55 1994 372860.4
26.78148 1.791937 .1348 2830 103722 826319 14479113 55 1995 373042.7
30.24012 2.019185 .12228 2288 97400 843355 16257886 55 1996 368983.4
29.7768 1.932023 .12415 2323 101794 844311 16257886 55 1997 370661.1
36.769 1.634087 .15149 2441 133858 844751 17349160 55 1998 436460.
17.88159 2.362826 .13455 567 28408 168885 3191620 56 1986 99985.48
18.05115 2.324164 .13567 623 25993 164358 3255390 56 1987 93956.3
18.27894 2.175023 .1465 620 29489 159982 3453020 56 1988 98909.55
18.66572 2.275349 .13874 686 24982 156119 3423270 56 1989 91307.41
18.94577 2.518899 .14429 582 25198 155180 3688100 56 1990 96888.58
19.91059 2.065704 .14274 596 33151 152395 3692370 56 1991 102099.7
19.87525 2.396917 .13115 623 24212 149133 3194980 56 1992 89975.22
20.59134 2.585731 .12205 595 24176 148111 3281920 56 1993 92841.42
21.24789 2.328654 .13761 597 26839 145483 3408730 56 1994 95203.64
21.88289 2.301173 .12955 556 26312 146516 3524208 56 1995 91696.5
23.14402 2.263455 .12756 547 25861 145274 3391412 56 1996 89726.16
24.1768 2.306559 .11909 562 23841 141973 3337119 56 1997 85485.6
28.369 1.82969 .10715 526 32118 138400 3786484 56 1998 88517.64
21.24335 1.6872 .13904 2219 70404 637585 8853840 57 1986 254574.4
21.45167 1.739813 .14583 2251 68932 631721 9924590 57 1987 260340.4
22.09009 1.625024 .15671 2533 70764 619135 9579930 57 1988 267972
22.30429 1.82682 .14821 2279 62487 604240 9208450 57 1989 254538.4
24.31517 1.919399 .14876 2304 64581 595247 10135190 57 1990 268527.8
25.30726 1.842566 .1436 2345 66646 584233 10169550 57 1991 266041
26.06513 1.811587 .12988 2407 64526 587138 9428630 57 1992 255890.7
27.66021 1.669493 .12267 2212 69850 576715 10841907 57 1993 248544.1
30.84147 1.633422 .13092 1812 73639 585961 12150010 57 1994 252882.3
29.6156 1.609895 .13027 2071 73510 573248 11105256 57 1995 254354.3
32.66817 1.792834 .13282 1671 66045 565675 12268600 57 1996 248129.2
31.8768 1.714259 .14545 1654 64298 555761 11432628 57 1997 243783.1
33.269 1.410648 .13195 1531 76632 556759 11505443 57 1998 232500
18.68581 1.675702 .15011 1505 46949 235165 4612500 58 1986 142095.3
18.09256 1.721695 .16283 1992 48130 230953 5307940 58 1987 156511.6
19.27166 1.524136 .16598 3272 55418 129093 5303910 58 1988 168948.3
20.24275 1.801752 .14572 2897 46717 128892 5016010 58 1989 161597.9
23.3675 1.959697 .1702 2595 47013 130327 5798730 58 1990 174951.6
24.0378 1.786644 .16126 2638 54381 127978 6073020 58 1991 181208.9
32.37905 1.813981 .11621 1794 40677 133850 4935400 58 1992 147430.
23.71434 1.586724 .09939 2271 58856 134418 6979541 58 1993 160603.3
25.85205 1.537217 .12122 2167 58797 147768 7248880 58 1994 164317.6
30.03437 1.508197 .12357 1810 53436 145174 6755119 58 1995 152893.4
30.45816 1.4852 .12515 1776 61826 148777 7655650 58 1996 164537.1
30.4768 1.170582 .13185 1961 76362 150257 6706400 58 1997 168964.4
33.969 .970648 .12348 1883 99744 154806 7551097 58 1998 179895.4
14.96753 1.88561 .11531 4317 158181 992136 11301580 59 1986 477285.6
28.51712 1.975884 .11823 2076 201833 969200 13517140 59 1987 572588.6
30.29124 1.834544 .15022 2001 198634 944485 13921820 59 1988 566896.2
31.61521 1.910157 .17237 2049 202738 925854 13464410 59 1989 611630.4
19.22098 2.028317 .17837 3049 196515 908350 11856110 59 1990 619221.9
25.94326 1.835322 .17669 2603 191063 889446 12169300 59 1991 575348.6
26.63012 1.8601 .16961 2434 141666 871722 9596430 59 1992 476183.3
25.96069 1.830093 .15675 2555 144628 860369 9084524 59 1993 465875.1
25.68191 1.724169 .17252 2397 136792 854702 8365480 59 1994 444865.3
26.63327 1.682169 .16857 1970 140580 846674 9256730 59 1995 431670.6
28.66262 1.796695 .15986 1648 158801 839177 8606806 59 1996 466703.8
28.3768 1.738449 .16321 1664 164121 830001 8606806 59 1997 467999.5
16.90703 1.532501 .14291 1319 70614 820791 3247566 59 1998 247815.7
16.6889 1.99413 .13561 424 12117 77941 1189320 60 1986 41808.54
17.10552 2.025792 .13731 373 12595 77954 1320530 60 1987 42599.07
18.12384 1.8581 .14504 383 14363 75884 1403930 60 1988 44635.54
18.66074 1.958901 .13735 449 12911 79390 1337460 60 1989 44574.26
20.96487 2.070375 .14016 359 12211 77287 1444650 60 1990 43640.28
22.88709 2.219142 .1305 356 10697 75393 1455820 60 1991 41724.75
23.80758 2.030822 .12516 390 11380 73326 1433890 60 1992 41573.19
24.39618 1.884053 .10972 416 10385 70829 1281379 60 1993 37486.05
25.97622 1.963788 .12276 387 11163 68875 1534490 60 1994 40429.65
26.74817 1.670761 .12048 366 14169 68318 1840224 60 1995 41693.79
26.37526 1.975343 .12022 372 11822 66549 1874873 60 1996 41164.62
29.7768 2.134126 .12268 406 12768 65665 1986943 60 1997 47393.69
31.169 1.762294 .12808 397 15944 64995 2020952 60 1998 48796.67
17.18232 2.065477 .12232 1008 34114 236751 4489520 61 1986 116740.8
17.80295 2.170182 .12503 1120 39592 232987 5485670 61 1987 134991.5
18.56875 1.940475 .13053 1012 49439 227961 6452260 61 1988 144482.5
19.26263 2.132432 .12758 1119 40894 226513 6055500 61 1989 137657.1
18.56823 2.38152 .13206 1023 40009 221355 6278530 61 1990 143509.7
18.88734 2.277012 .13466 1028 36798 215253 5080890 61 1991 132191.7
20.08333 2.038815 .12385 859 40770 209038 4819070 61 1992 126263.4
20.32601 1.919422 .10563 987 45674 206644 5700646 61 1993 129557.3
22.04788 1.878136 .1196 1036 37221 202593 5557400 61 1994 116977.8
24.93758 1.886738 .11532 1197 38201 198087 6002134 61 1995 124768.9
25.4564 2.140332 .12629 1146 35452 194579 6398619 61 1996 129625.5
29.19473 2.037762 .12307 858 37218 191889 6156935 61 1997 124506.3
29.069 1.750688 .10404 971 45077 191559 6282484 61 1998 127071.6
15.66704 1.473389 .09619 2953 25240 169353 4747600 62 1986 99743.18
16.83791 1.245409 .09956 3581 29044 179641 5173170 62 1987 114353.3
18.26781 1.242128 .11125 3404 32157 184071 6515770 62 1988 122604.6
18.38925 1.39484 .10813 3392 29644 184563 6377950 62 1989 123681.8
19.41217 1.656747 .11742 3338 26401 179557 5947790 62 1990 129621.2
20.20983 1.613808 .1098 3270 29904 176965 6341100 62 1991 133776.2
20.67198 1.642149 .10098 3186 31601 174697 6876630 62 1992 135395.4
21.95227 1.770948 .08646 3114 24557 172885 5768825 62 1993 126796.2
23.57969 1.88043 .09701 2959 26537 172354 6550120 62 1994 136393.4
25.44215 1.744834 .09703 2589 19350 172970 6159317 62 1995 116415.5
28.39311 1.94125 .09889 2115 20081 170833 5334501 62 1996 115927.3
34.6768 1.788787 .11002 1901 22624 167843 5713344 62 1997 124856.2
27.669 1.468138 .09945 2287 29979 170637 6199845 62 1998 124262.2
19.9455 2.078724 .12393 2082 42801 278671 5320360 63 1986 165033.7
20.07814 2.016451 .12928 2186 47599 280866 5302020 63 1987 176182.2
20.97265 2.033589 .14401 2225 50237 281486 5740260 63 1988 189362.4
21.82868 2.163833 .14829 2295 50391 277752 5780690 63 1989 200322.4
22.20068 2.045923 .14537 2329 48843 274193 5605460 63 1990 191493.8
22.78963 2.134936 .1318 2280 43095 276749 5664390 63 1991 180441
23.42602 1.900607 .13008 1853 48358 279678 5368370 63 1992 171698.5
24.77229 1.651303 .11012 1592 54360 279524 5418458 63 1993 159983.5
25.38009 1.591968 .11904 1543 55202 332152 5602990 63 1994 166580.7
25.44965 1.553368 .12248 1308 51600 375199 5632522 63 1995 159396.3
26.34728 2.151244 .12271 1596 37204 374434 5586944 63 1996 168031.9
27.6768 1.977536 .13902 1854 44037 368651 5872660 63 1997 189647.4
29.069 1.753583 .13049 1563 51962 385922 6297360 63 1998 186913.5
17.35681 1.85373 .12871 4411 128579 576559 13196170 64 1986 389120.5
18.73577 1.908392 .15434 4130 130740 585715 15024890 64 1987 417281.2
18.51 1.755043 .16131 4270 141205 601628 15588230 64 1988 423907.2
19.16128 1.82295 .15174 3997 148365 614622 16345040 64 1989 440312.4
20.23112 1.965575 .15209 4032 135345 613987 16211140 64 1990 440983.9
22.46083 2.185524 .14169 3725 122534 618291 16156560 64 1991 439073.3
25.9488 2.099446 .13064 2933 122684 618239 16709360 64 1992 414443
25.04462 2.002816 .11538 3551 118914 614960 15130632 64 1993 398050.5
24.88002 1.936301 .12699 2858 115559 637796 14337580 64 1994 375857.8
30.38971 1.839396 .12056 2530 119448 649459 14295911 64 1995 374896.9
27.05948 2.053853 .11904 2654 102453 678080 14194722 64 1996 362957.9
33.2768 2.039058 .11728 2105 108766 673214 14985285 64 1997 370782.4
34.41288 1.857648 .16574 478 38297 657263 5270042 64 1998 196526.5
16.81817 1.80508 .12402 3226 257360 1453059 19637400 65 1986 699019.2
19.60943 1.959856 .13233 2644 226313 1428226 19657270 65 1987 684385.4
19.34037 1.844657 .13733 2774 242570 1388171 19917560 65 1988 691746.3
19.30339 2.024858 .13357 2908 220497 1352320 19817530 65 1989 683238.6
20.13476 1.916083 .13811 2660 233108 1320672 20242180 65 1990 682610.8
20.94763 1.987524 .13068 2605 209233 1290278 20518680 65 1991 639037.8
21.8153 1.959861 .12132 2495 212029 1261808 21796170 65 1992 623059
23.27519 1.856987 .10877 2554 224183 1226251 21287548 65 1993 609129
28.96674 1.616003 .12263 1613 177998 1194525 17891040 65 1994 480853.3
25.81213 1.323614 .11723 1197 212640 1161881 20152104 65 1995 448557.8
26.88567 1.942585 .12384 1471 153087 1135615 20758784 65 1996 477567.9
28.3768 1.786754 .12399 1573 166358 1105737 21134024 65 1997 478977.8
30.469 1.421965 .11901 1607 249643 1076464 22020368 65 1998 532057.3
18.1145 1.955166 .12274 716 41032 210297 2848530 66 1986 119006.2
18.37919 2.245657 .12621 889 32173 203993 2792460 66 1987 114334.6
18.98608 2.209389 .13103 920 38150 311144 3404780 66 1988 142524.6
18.80288 2.356818 .1258 977 46626 301148 3906620 66 1989 166143.8
19.74247 2.462989 .1493 1119 45437 297983 3805700 66 1990 178491.5
22.57712 2.253417 .13926 979 41928 296869 3506030 66 1991 157926.3
23.97401 2.193718 .12839 893 37735 291041 3083850 66 1992 141555.5
25.05513 2.169286 .11664 856 34079 287965 2720897 66 1993 128962.5
26.39235 2.095322 .13088 837 39258 283396 3282410 66 1994 141439.4
28.50061 2.12578 .12547 781 32465 275445 2864595 66 1995 125832.5
28.88424 2.3162 .12449 692 24465 278387 2179701 66 1996 111310.1
29.0768 2.100049 .1279 632 32643 276061 2699861 66 1997 122236.6
31.169 1.904556 .1202 657 48089 271247 3675768 66 1998 144670.1
22.11925 2.087924 .12156 348 13429 129015 1961020 67 1986 51419.29
22.22179 2.280554 .11616 384 6094 135823 1151050 67 1987 38208.06
23.11836 2.084936 .11879 366 13985 132014 2269730 67 1988 53301.09
24.837 2.252416 .1144 400 13727 129149 2390270 67 1989 55628.36
24.99956 2.517183 .1347 379 10934 125954 2235240 67 1990 53963.72
26.69364 2.295284 .13078 381 12493 123095 2358060 67 1991 54943.62
27.22368 2.23728 .11928 336 12911 127057 2452410 67 1992 53188.04
29.77557 2.192756 .10511 382 14457 124992 2718030 67 1993 56212.85
31.31712 2.099177 .11653 380 15645 123139 2805430 67 1994 59091.52
30.98615 1.935629 .112 349 16492 120859 2849526 67 1995 56272.76
30.84757 1.993127 .10925 383 14365 118033 2613358 67 1996 53340.99
33.9768 1.925173 .1141 399 16389 116257 2899611 67 1997 58373.32
34.669 1.657234 .10203 345 21346 112519 3169751 67 1998 58816.45
19.49991 1.903512 .13155 23305 294694 1679664 14813870 68 1986 1.236359D+06
21.54725 1.984336 .14413 15199 360022 1749969 23989470 68 1987 1.294124D+06
21.11171 1.887329 .15529 14237 453555 1780960 29604720 68 1988 1433140
22.66562 1.908618 .14674 12774 390245 1774151 33752112 68 1989 1294698
24.8985 2.249667 .15473 11522 349457 1754936 31776740 68 1990 1.344584D+06
25.36359 1.966258 .15379 12320 322909 1749089 28918850 68 1991 1216394
28.09901 1.832727 .14134 11125 378861 1749797 33610980 68 1992 1.254267D+06
32.51527 1.789517 .13024 9254 314167 1734243 25550288 68 1993 1.088971D+06
32.56571 1.750452 .14275 8215 370835 1747501 35557480 68 1994 1.166112D+06
32.13188 1.745862 .14143 5806 175228 1671472 13714961 68 1995 728877.8
31.25389 1.831907 .13772 6193 161399 1640237 16105503 68 1996 715116.6
29.7768 1.842323 .16869 7737 225753 1611440 14570488 68 1997 918126.8
31.169 1.835986 .15893 6011 177359 1592402 12086610 68 1998 766066
19.8871 1.804605 .1408 6997 329346 1500614 30603820 69 1986 944776
20.84708 1.881353 .13834 6915 306669 1503726 30559410 69 1987 929135.6
21.61165 1.77398 .14997 6634 319176 1495221 30792940 69 1988 933821.7
23.50954 1.849423 .14693 6712 304714 1490649 30920940 69 1989 940362.2
24.35942 2.048354 .14795 6482 250054 1532395 27850970 69 1990 896814.7
24.97099 1.910315 .14589 5528 270888 1531688 26743870 69 1991 878979.1
26.77711 1.872277 .13715 5237 263943 1531948 26210060 69 1992 844512.9
26.70512 1.704774 .12695 5847 266605 1533678 26412100 69 1993 805346.6
29.75949 1.710658 .15039 4986 236297 1563697 23301120 69 1994 787768.6
29.77047 1.688077 .14497 5009 232617 1631800 24143704 69 1995 778357.7
31.63383 1.810264 .14186 4494 212900 1652742 23448966 69 1996 762025.6
31.1768 1.718201 .14511 4230 234700 1641885 25217696 69 1997 773393.5
33.269 1.59499 .15142 4167 260238 1602539 26311808 69 1998 796365.4
16.83497 1.821808 .12488 5747 198313 1283648 17950980 70 1986 618340.8
17.77466 1.933729 .13078 5530 174877 1279178 18532020 70 1987 603749.4
18.04413 1.787483 .14173 5175 206311 1281614 20377990 70 1988 643798.9
19.18554 1.90481 .1407 4987 215839 1268069 22313700 70 1989 685227.8
19.58647 1.994231 .15271 4699 197871 1266699 20504990 70 1990 680074.9
20.20918 1.820148 .13868 4495 208428 1259533 20108900 70 1991 644882.2
21.02106 1.804644 .13021 4303 186909 1250072 18043830 70 1992 590529.6
22.02575 1.831334 .11235 4127 185211 1243823 18775602 70 1993 569826.9
23.10056 1.825258 .13352 3942 203279 1236010 18803480 70 1994 627131
25.81337 1.800634 .13612 3691 185601 1303164 18570742 70 1995 606863.3
26.21004 1.982149 .13939 3623 156595 1337585 17715488 70 1996 591799.7
25.5768 1.910088 .14281 3731 155646 1339286 17883192 70 1997 583988
29.069 1.685885 .14071 3295 213835 1344907 21241244 70 1998 645525.4
20.69842 1.793972 .10083 2858 94706 646821 11962240 71 1986 294274.9
20.03492 1.883022 .11023 2840 90603 630729 11163210 71 1987 297031.9
20.65856 1.855591 .11905 2826 88205 606073 11885560 71 1988 294206.5
20.74408 1.810214 .11328 3112 89428 592013 12658310 71 1989 293502.6
20.45379 2.109261 .11746 3497 80474 596404 13103990 71 1990 311321.2
20.80508 2.050816 .11404 2929 85704 583811 13164940 71 1991 303279
21.6104 1.82955 .11938 3290 99280 613318 14972680 71 1992 325953.8
22.63533 1.958395 .10639 3131 98493 736872 15470247 71 1993 342155.2
24.05313 1.848166 .11713 2730 103465 759508 15949980 71 1994 345846.7
28.42037 1.861935 .11068 2027 96057 789961 16053928 71 1995 323892.8
28.95462 1.555753 .1125 2025 128536 763067 17099890 71 1996 344448.4
33.2768 1.571464 .11622 1881 125267 755929 17432324 71 1997 347300.3
31.169 1.541692 .12399 2028 126807 759117 17939108 71 1998 352830.9
19.25531 1.711081 .09998 1931 50436 268286 5967590 72 1986 150305.3
19.0697 2.054551 .10448 1670 44545 265686 5461650 72 1987 151125.2
26.32258 1.949932 .14796 1293 48679 265100 5656730 72 1988 168180.
23.59403 2.092492 .13035 1370 49877 265912 6759590 72 1989 171352.7
24.68446 2.555012 .13664 1460 42598 260679 6202220 72 1990 180496.9
26.24174 2.545649 .12889 1254 38634 255462 5210980 72 1991 164182.2
26.85342 2.413422 .1435 1237 45681 264969 5952320 72 1992 181488.3
31.58017 2.470986 .1378 1040 46184 253985 6159523 72 1993 181962.5
28.35287 2.353636 .15001 1228 46412 246148 6101170 72 1994 180979
28.20948 2.430272 .13257 1159 45341 230366 5894471 72 1995 173425.4
28.14915 2.573613 .12695 1143 45537 227357 6728375 72 1996 178232.
29.7768 2.592521 .12383 1094 44569 221182 6704590 72 1997 175510.9
30.469 2.329738 .13008 1084 50997 214856 6922168 72 1998 179786.5
22.70706 1.995684 .11567 738 18526 206629 1491160 73 1986 77630.63
23.10325 2.022317 .14665 773 20570 193460 1877920 73 1987 87828.77
24.16639 1.848752 .15522 755 24928 190545 2214580 73 1988 93907.7
25.50428 1.858391 .14896 664 24278 187386 2578000 73 1989 89965.88
26.14092 1.998923 .15176 694 27797 182940 2505110 73 1990 101468.8
30.77233 1.773851 .14316 596 27505 178729 2146660 73 1991 92716.93
30.91727 1.688651 .13022 624 25779 175626 2197750 73 1992 85694.13
33.88387 1.64732 .11595 548 15523 173326 1520936 73 1993 64236.86
38.13934 1.61041 .12746 444 15941 170673 1478120 73 1994 64359.4
27.6235 1.628465 .12469 590 11417 167086 1633244 73 1995 55724.
39.0452 1.795084 .1153 383 11137 169359 1512513 73 1996 54473.25
40.68519 1.795887 .11333 374 14421 165216 1660999 73 1997 59838.68
42.22113 1.834544 .11713 394 17196 160441 1962889 73 1998 66974.4
14.88437 1.324633 .12577 3374 93561 522487 3898150 74 1986 239867.1
15.45953 1.521209 .12829 2602 78125 515478 4471090 74 1987 225200.8
16.7712 1.393298 .13726 1986 93978 610468 3986450 74 1988 248039.8
18.44621 1.676626 .1318 1729 99644 593671 4845580 74 1989 277205.1
18.67811 1.735875 .14164 1823 77400 580681 3845000 74 1990 250654.5
19.46448 1.865897 .13547 1886 62180 572435 3682960 74 1991 230279.3
20.56759 1.846667 .13912 1751 78676 567768 4619120 74 1992 260290.1
23.35568 1.735925 .1205 1718 90828 555569 4798912 74 1993 264741.7
23.95659 1.677764 .13332 1795 74404 544208 4041920 74 1994 240388.2
26.61553 1.742336 .1302 2013 48907 542683 3695139 74 1995 209446.8
28.58031 1.834406 .13476 758 62656 530361 4228080 74 1996 208071.9
30.4768 1.851104 .13051 1168 79502 522430 4528834 74 1997 250945.8
33.969 1.84218 .12584 1147 83593 518584 5231643 74 1998 258214.5
12.54233 2.080147 .12909 1949 36093 281624 4526910 75 1986 135878.6
13.5156 2.09306 .14279 2222 34532 456054 4634310 75 1987 167429.2
14.62382 2.023439 .14985 1893 41973 457986 5431570 75 1988 181241.9
14.68543 2.12008 .14246 2000 38847 446794 5290610 75 1989 175379.9
15.00555 2.354955 .15173 2080 36008 435687 5044630 75 1990 182115.5
15.7521 2.182687 .14266 1728 40994 437963 5551550 75 1991 179176.5
16.138 2.177937 .12966 1503 37193 429820 5218630 75 1992 160989.9
16.7697 2.200353 .12796 1588 36616 419458 5060169 75 1993 160872.2
17.80467 2.085655 .1417 1701 39485 410405 5409480 75 1994 170792.2
19.04982 1.668676 .13477 1781 48042 407230 5610905 75 1995 168976.6
20.09499 1.638582 .1383 1686 44849 466978 5806343 75 1996 171952
19.9768 1.485726 .13272 1762 40751 455951 6040944 75 1997 156257.8
21.369 1.48732 .10967 2032 43527 454452 6314456 75 1998 158000.1
19.53223 1.963532 .12113 1630 152219 943876 15122470 76 1986 445056.
18.69613 2.09038 .12513 1364 132055 928047 15550540 76 1987 417673.2
20.07552 2.120009 .13339 1391 134632 909757 16439260 76 1988 434698.5
20.4824 2.173868 .12622 1440 141853 884468 18106610 76 1989 449502
21.51903 2.384772 .12587 1671 138371 863695 18638140 76 1990 474654.8
21.96296 1.948178 .11785 1638 160897 846945 18628630 76 1991 449243.8
22.61234 1.966423 .11645 1624 171732 826624 19520790 76 1992 470680.5
23.50165 1.982239 .1034 1631 194530 815770 20782616 76 1993 508286.7
24.2283 1.976538 .11388 1708 193595 807874 21270330 76 1994 516030.4
24.62576 2.076083 .12299 1609 179460 794050 20901600 76 1995 509856.9
26.98686 2.282013 .13748 1758 190504 787308 21084400 76 1996 590414.6
29.7768 2.231601 .14092 1336 209727 781627 15692378 76 1997 617955.7
25.569 2.043981 .12067 1513 203311 760601 16021423 76 1998 546031.4
19.00565 1.690978 .12492 107 7314 96132 842050 77 1986 26410.23
19.83452 1.613301 .12333 105 7819 90793 890170 77 1987 25894.53
20.26345 1.512006 .12739 114 9968 88264 1071530 77 1988 28625.66
21.22641 1.563579 .11997 95 10236 86045 1130070 77 1989 28344.12
22.06783 1.44646 .12225 140 10589 83657 1051540 77 1990 28633.12
23.22785 1.150644 .12984 118 14115 82795 1071640 77 1991 29732.33
24.19642 1.178952 .1166 105 12632 81908 983010 77 1992 26983.62
24.29977 1.24091 .10606 80 12974 81176 981598 77 1993 26653.08
25.60512 1.218767 .12001 80 14078 79220 1159690 77 1994 28713.41
25.20771 1.135275 .1369 207 12472 78053 1036849 77 1995 30062.59
24.7935 1.327597 .1332 111 13335 80187 1237922 77 1996 31136.5
24.8768 1.438229 .13008 110 12949 80932 1404357 77 1997 31887.71
26.269 1.233318 .1142 106 15590 79911 1424205 77 1998 31137.78
22.84436 2.005498 .12974 10475 360495 2278165 35941500 78 1986 1.257836D+06
23.02747 2.128239 .14427 9949 375695 2210104 44528660 78 1987 1.347521D+06
27.36434 2.009326 .17614 7546 383969 2143730 42367952 78 1988 1.355607D+06
28.62521 2.100371 .17014 7354 354766 2071502 41546820 78 1989 1.308095D+06
30.43757 2.063004 .17701 6852 333555 2020644 40814980 78 1990 1.254358D+06
31.95313 2.183077 .15955 6271 309637 1966783 40579232 78 1991 1.19014D+06
31.66531 2.098481 .14119 6128 296889 1913213 37011488 78 1992 1.087188D+06
32.05629 2.01035 .11996 6425 320169 1868509 39193956 78 1993 1.07376D+06
34.18104 1.859101 .13679 5358 374080 1835536 42890352 78 1994 1.129678D+06
34.37282 1.940355 .13476 5183 323281 1815087 42006628 78 1995 1.050035D+06
35.78133 2.128676 .13982 4862 291795 1783837 42113368 78 1996 1.044522D+06
33.2768 1.973293 .13623 4811 303659 1783893 42416100 78 1997 1.002323D+06
37.469 1.662185 .12598 4883 376987 1750368 44350408 78 1998 1.030095D+06
21.34111 1.879317 .13346 4055 200172 1512215 21814960 79 1986 664545.1
22.63947 1.944801 .14427 3817 200217 1481832 22486210 79 1987 689580.9
23.5972 1.789728 .14853 4190 217388 1441219 23343290 79 1988 702001.9
24.6956 2.2122 .14521 3537 161609 1400925 23088950 79 1989 648288.1
26.10078 2.311979 .14465 3932 157239 1364361 22930370 79 1990 663516.3
26.75036 2.108784 .13501 4056 166702 1340968 22219730 79 1991 641082.1
28.12622 2.052929 .1234 3771 161975 1329831 21311080 79 1992 602688.4
30.20699 1.948198 .10691 3645 164782 1325144 19564772 79 1993 572803.5
30.0612 1.754125 .12252 4107 163151 1335633 21920650 79 1994 573290.3
31.21778 1.699605 .11796 4285 175702 1363801 23794204 79 1995 593266.3
32.50282 1.95027 .11858 4173 152124 1382865 24590736 79 1996 596297.3
33.2768 1.890442 .11983 4458 157934 1432952 26237132 79 1997 618623.6
38.169 1.548222 .11059 3502 205073 1420967 29078192 79 1998 608311
21.05945 2.30789 .1134 1529 63378 285626 5630240 80 1986 210859.3
22.37605 2.514771 .11917 1407 64971 281076 6024310 80 1987 228366.1
23.98506 2.295284 .16558 1248 65547 273194 6302150 80 1988 225617.8
24.97334 2.265675 .18486 1462 71956 265371 6364620 80 1989 248596.4
26.72231 2.309767 .1936 1287 62728 263577 5983100 80 1990 230307.2
27.29387 2.214423 .18547 1203 62465 258721 5444390 80 1991 219143.4
28.24159 2.031193 .17584 1058 52036 252709 4651640 80 1992 180011.1
29.52032 1.846796 .16322 1068 45836 247592 3934109 80 1993 156589.4
32.36391 1.938142 .18101 929 39177 249735 3513390 80 1994 151201.2
32.38235 2.034565 .17418 725 46141 249341 3970299 80 1995 160784.3
36.70139 2.174863 .17308 645 51606 248972 4383286 80 1996 179000.4
41.6768 2.097494 .17342 552 70310 243117 5738270 80 1997 212641.8
40.269 1.893501 .15691 847 53989 238127 4274862 80 1998 173700.6
14.42517 1.970195 .12574 724 22185 227639 2565550 81 1986 82775.94
15.42977 1.959461 .11957 552 22433 223186 2622420 81 1987 79160.18
17.35521 1.80591 .13411 624 25027 220892 2897660 81 1988 85649.98
17.90402 1.896571 .11324 675 22841 224550 2661630 81 1989 80832.84
17.33631 2.041156 .11828 460 23013 227009 2857620 81 1990 81798.45
12.40521 1.751015 .11106 1252 34148 242483 3707370 81 1991 102255.2
20.21938 1.648477 .10527 1400 44232 240031 4465930 81 1992 126490.6
20.91157 1.497542 .09392 1465 47388 241136 4907503 81 1993 124248.4
22.23883 1.435599 .12241 1506 53024 262900 5626460 81 1994 141794.5
29.26984 1.693125 .12416 1067 42928 259670 5533681 81 1995 136154.
24.08407 1.496812 .11307 1361 52951 257374 5992131 81 1996 141137.4
40.2768 1.546827 .11888 869 53150 254390 5966063 81 1997 147456.3
31.169 1.498531 .08536 1095 54060 251590 6325257 81 1998 136616.4
18.24728 2.266587 .10127 1277 54470 303446 5916880 82 1986 177492.7
19.11377 2.361692 .10911 1281 52315 305840 6091070 82 1987 181406.9
20.7515 2.234417 .11625 1345 56354 300774 6313830 82 1988 188794.1
21.14858 2.397383 .11265 1363 52874 302102 6178770 82 1989 189616.5
22.10689 2.35357 .12391 1514 51280 304959 6641710 82 1990 191948.4
22.32821 2.585938 .13449 1384 47159 302363 6731850 82 1991 193517.3
22.86322 2.274139 .11747 1499 51269 294427 6796970 82 1992 185451.2
24.70635 2.084203 .10228 1739 50836 305874 7004634 82 1993 180201.7
25.74856 2.033161 .1167 1644 49579 300798 7047510 82 1994 178235.9
26.69611 1.903062 .11104 1720 49458 304483 7428612 82 1995 173848.8
28.41463 2.046062 .10887 1451 47930 302539 7956378 82 1996 172234.8
28.3768 2.04899 .10798 1131 48360 299297 8213518 82 1997 163501.4
29.069 2.011421 .09748 1181 48815 293503 8513537 82 1998 161128.7
